Percentage
1.022658
0.082479
0.000000
0.550210
2.996521
TotalSphereArea
65320.000000
123668.000000
48473.000000
202650.000000
121007.000000
TotalGreenArea
64652.000000
123566.000000
48473.000000
201535.000000
117381.000000
TotalColorArea
668.000000
102.000000
0.000000
1115.000000
3626.000000
CircularityValue
0.630505
0.533862
0.469438
0.687566
0.666748
RoundnessValue
0.608837
0.535705
0.584225
0.595141
0.627752
Row
1505.259980
1331.500000
932.000000
1004.887146
580.028917
Column
1101.558557
670.500000
519.500000
1462.166292
1165.730284
Radius
179.944962
255.279316
176.219236
299.418770
235.824359
DifferenceWidthHeight
19.520239
47.691403
26.622948
7.784187
1.114172
